4294967278,6
4294967278,39
4294967278,38
4294967278,37
4294967278,36
4294967278,33
4294967278,30
4294967278,7
4294967279,132
4294967279,32
4294967279,31
4294967279,27
4294967279,23
4294967279,22
4294967279,20
4294967279,19
4294967278,327
4294967279,316
4294967294,1420
4294967278,195
4294967294,481
4294967279,193
4294967278,194
4294967278,325
4294967279,313
4294967279,560
43,6
4294967278,323
4294967279,312
4294967278,190
4294967278,370
4294967279,311
4294967278,188
4294967278,369
4294967279,559
4294967278,187
4294967278,185
43,5
4294967278,184
43,4
4294967279,184
43,3
43,2
43,1
4294967279,308
4294967279,180
4294967278,179
4294967279,179
4294967294,477
4294967278,176
4294967279,178
4294967279,558
4294967278,316
4294967279,177
41,5
41,4
4294967279,173
41,3
41,2
41,1
4294967279,557
4294967278,172
4294967294,1421
4294967279,169
4294967278,368
4294967279,302
4294967279,556
40,6
4294967278,166
4294967279,168
4294967278,367
4294967278,314
40,5
40,4
40,3
40,2
40,1
4294967279,555
4294967278,162
4294967279,160
4294967278,161
4294967279,554
4294967279,553
39,5
4294967294,387
39,4
39,3
39,2
39,1
4294967278,298
4294967294,393
4294967294,114
4294967294,1419
4294967294,399
4294967294,407
4294967294,385
4294967294,420
4294967294,179
4294967294,1171
4294967294,183
4294967294,415
4294967294,444
4294967294,398
4294967294,167
4294967294,391
4294967294,465
4294967294,463
4294967294,108
4294967278,156
4294967279,155
4294967278,35
4294967278,310
4294967279,552
4294967278,151
4294967279,150
4294967278,150
4294967279,149
4294967278,147
4294967278,149
38,5
4294967279,148
38,4
4294967278,148
38,3
38,2
38,1
4294967279,147
4294967278,34
4294967294,390
4294967279,145
4294967278,31
4294967279,33
4294967279,144
4294967278,366
4294967278,32
4294967278,293
4294967279,143
37,5
4294967279,28
37,4
4294967279,140
37,3
37,2
37,1
4294967279,296
4294967279,139
4294967279,25
4294967279,136
4294967278,138
4294967278,307
4294967279,284
36,5
4294967279,135
36,4
4294967278,134
36,3
36,2
36,1
4294967278,303
4294967279,133
4294967278,133
4294967294,17
4294967294,99
4294967294,76
35,4
35,3
35,2
35,1
4294967279,551
0,7
4294967278,272
4294967294,1001
4294967294,186
4294967294,1000
4294967294,29
4294967294,0
4294967294,1175
4294967294,5
4294967294,392
4294967294,389
4294967294,115
4294967294,424
4294967294,120
4294967294,2
4294967279,550
4294967279,16
4294967279,278
4294967278,283
4294967279,549
4294967278,271
4294967279,548
4294967278,365
4294967279,547
4294967279,13
4294967278,282
4294967279,546
4294967279,12
4294967278,266
4294967294,89
4294967294,1417
4294967294,46
4294967294,1422
4294967294,42
4294967294,41
4294967279,273
4294967278,364
4294967294,107
4294967294,91
4294967294,90
4294967294,87
4294967294,86
4294967294,85
4294967294,84
4294967294,1174
4294967294,1017
4294967294,1173
4294967294,419
4294967294,28
4294967294,1018
4294967294,26
4294967294,53
4294967294,45
4294967294,427
4294967294,44
4294967294,96
4294967294,94
4294967279,545
4294967279,0
4294967294,9
4294967294,8
4294967279,259
4294967294,7
4294967294,6
4294967294,22
4294967278,363
4294967294,25
4294967294,93
4294967294,95
4294967294,50
4294967294,436
4294967294,43
4294967294,417
4294967294,51
4294967294,52
4294967294,1016
4294967294,27
4294967294,92
4294967294,88
4294967278,286
4294967294,10
4294967294,1093
4294967294,1091
4294967294,1090
4294967294,1015
4294967294,1012
4294967294,1011
4294967294,1009
4294967294,1008
4294967294,1007
4294967294,1006
4294967294,1002
4294967294,998
4294967294,1
4294967294,996
4294967294,995
4294967294,401
4294967294,182
4294967294,176
4294967294,170
4294967294,162
4294967294,161
4294967294,81
4294967294,82
4294967294,1098
4294967294,1418
4294967294,83
4294967294,67
4294967294,11
4294967294,12
4294967294,68
4294967278,132
4294967278,131
4294967278,130
4294967278,129
4294967278,128
4294967278,127
4294967278,126
4294967278,125
4294967278,124
4294967278,123
4294967278,122
4294967278,121
4294967278,120
4294967278,119
4294967278,118
4294967278,117
4294967278,116
4294967278,115
4294967278,114
4294967278,113
4294967278,112
4294967278,111
4294967278,110
4294967278,109
4294967278,108
4294967278,107
4294967278,106
4294967278,105
4294967278,104
4294967278,103
4294967278,102
4294967278,101
4294967278,100
4294967278,99
4294967278,98
4294967278,97
4294967278,96
4294967278,95
4294967278,94
4294967278,93
4294967278,92
4294967278,91
4294967278,90
4294967278,89
4294967278,87
4294967278,86
4294967278,85
4294967278,84
4294967278,83
4294967278,82
4294967278,81
4294967278,80
4294967278,79
4294967278,78
4294967278,77
4294967278,76
4294967278,75
4294967278,74
4294967278,73
4294967278,72
4294967278,71
4294967278,70
4294967278,69
4294967278,68
4294967278,67
4294967278,66
4294967278,65
4294967278,64
4294967278,63
4294967278,62
4294967278,61
4294967278,60
4294967278,59
4294967278,58
4294967278,57
4294967278,56
4294967278,55
4294967278,54
